v2.0 raw
00000000
20210000
20420002
20630005
2084000a
58000000
94000018
00000000
00000000
58000001
9400002a
00000000
00000000
58000002
9400003c
00000000
00000000
58000003
9400004e
00000000
00000000
98000005
00000000
00000000
40a10000
00000000
00000000
00000000
00000000
4c050000
34010001
8c000026
00000000
00000000
20210001
98000005
00000000
00000000
20200000
98000005
00000000
00000000
40c20000
00000000
00000000
00000000
00000000
4c060000
34020004
8c000038
00000000
00000000
20420001
98000005
00000000
00000000
20400002
98000005
00000000
00000000
40e30000
00000000
00000000
00000000
00000000
4c070000
34030009
8c00004a
00000000
00000000
20630001
98000005
00000000
00000000
20600005
98000005
00000000
00000000
41040000
00000000
00000000
00000000
00000000
4c080000
3404000d
8c00005c
00000000
00000000
20840001
98000005
00000000
00000000
2080000a
98000005
00000000
00000000
